5099
4312
9727
1694
2738
4057
2702
8076
9359
8209
2247
4057
5790
7718
4847
2785
6945
6261
5695
9082
6430
2491
9481
4561
7448
3174
6027
9326
8246
4141
5527
6417
3267
4565
6482
1258
1359
5892
2223
9488
3418
8647
1730
1637
8363
5082
9950
9148
1940
5406
4169
5478
1568
8406
1322
2075
5506
5132
3412
1669
7420
7464
7372
8248
7086
5533
8280
2514
1289
1038
3256
4366
5734
5247
8016
8665
1474
7614
9500
3987
7470
4703
3744
8103
3878
3381
6426
5672
1963
3810
3487
5707
6024
9764
9989
4886
3528
4937
2579
2612
7542
7478
4998
5278
5453
4204
4768
3861
3631
5682
8038
3005
2469
1151
6810
7496
2396
3509
2940
8321
5452
7226
1068
4976
2851
6468
2217
6996
6673
1737
3366
1608
7755
9923
9567
9850
4863
6982
2264
1811
9065
4817
9607
3504
1425
4374
7237
1076
9812
8701
1721
6873
6645
3763
1996
9283
5037
1848
8900
1788
1002
9544
5270
6888
1843
2571
2909
8940
9749
7586
7047
9628
8483
7075
6492
7385
4423
8019
1125
5735
1953
5932
4198
9675
4985
6517
7354
3432
3557
3759
3709
1188
6404
2941
2299
6556
9186
3716
6332
6899
