27653769
27998721
27443287
27554566
27772560
27401347
27259186
27705849
27235587
27203533
27469161
27958138
27906475
27366728
27686140
27995949
27872734
27430967
27863743
27056042
27615803
27898588
27431905
27872656
27570719
27771689
27877317
27968222
27857651
27330238
27228929
27589052
27739197
27047483
27212859
27106365
27892134
27627054
27657177
27332214
27339180
27405200
27661498
27587191
27614676
27591629
27960131
27993619
27646795
27645533
27220624
27684988
27021577
27118036
27399624
27102756
27198008
27458586
27932002
27861976
27775409
27255059
27575019
27625111
27862420
27871438
27595340
27595412
27930114
27801156
27504248
27490413
27761462
27138686
27016807
27183880
27805618
27405972
27285154
27587115
27498843
27394777
27737282
27825501
27287064
27779074
27803537
27675177
27736439
27383412
27728380
27386224
27595143
27901243
27224697
27983285
27847548
27064791
27627266
27395213
27550446
27236432
27660606
27719913
27414586
27321175
27289831
27901827
27171682
27054675
27939090
27643174
27899511
27146355
27854916
27670869
27742292
27122733
27276257
27142123
27272111
27999507
27572945
27154018
27981373
27813455
27305414
27199003
27027283
27768231
27474654
27722970
27274361
27535439
27932464
27699779
27112943
27433541
27385320
27430522
27530453
27670805
27985037
27830420
27984122
27429142
27384941
27363594
27673090
27268715
27219932
27411942
27059196
27494779
27515075
27155431
27975321
27002835
27902890
27536606
27224640
27496929
27287464
27224224
27612952
27944476
27864753
27243833
27015905
27260742
27030857
27703125
27831155
27776473
27565877
27700036
27589546
27433940
27960056
27638404
27723666
27872372
27936915
27892456
27435907
27610027
27426054
27319109
27284445
27865029
27973806
27406601
27587406
27912049
27967716
27792258
27261092
27445415
27897200
27929543
27863356
27111548
27634393
27726380
27996729
27341345
27544943
27617069
27573342
27358177
27071650
27644803
27195175
27511337
27400199
27380492
27944847
27083831
27617496
27417767
27828816
27841498
27091607
27026619
27751709
27669171
27780303
27536882
27356079
27552010
27592458
27051359
27174830
27265901
27433642
27658531
27535625
27452995
27562591
27299226
27490758
27620677
27942842
27229091
27642324
27027989
27425924
27484479
27146463
27143650
27780369
27545127
27299098
27793086
27581016
27637983
27338239
27710845
27212938
27403194
27709025
27227346
27199684
27925303
27245659
27914103
27315913
27554277
27859042
27994850
27114620
27408070
27372736
27831805
27399180
27615944
27555215
27823773
27435080
27728257
27454656
27728941
27480266
27862844
27664743
27207217
27865688
27561666
27351256
27372554
27254614
27925181
27082564
27414958
27112076
27035872
27985302
27226246
27214841
27115322
27687994
27309758
27593910
27857147
27150232
27576849
27893069
27600567
27263997
27057505
27171311
27334845
27108827
27690025
27907582
27643645
27420750
27662905
27578271
27762355
27860688
27032049
27693068
27506311
27916844
27571486
27811090
27732467
27268512
27823399
27285612
27248201
27619554
27683752
27246684
27922947
27380978
27020982
27237047
27045184
27115429
27077582
27385604
27393037
27037625
27762790
27939226
27761772
27934890
27063397
27096553
27214965
27923277
27637648
27243341
27496798
27581054
27362802
27819970
27662007
27811107
27180973
27364401
27366447
27203355
27656292
27684216
27876211
27474810
27880200
27965386
27105413
27882638
27847012
27977314
27668734
27697282
27159482
27695257
27201242
27124186
27671542
27707005
27531090
27203657
27954575
27979324
27146535
27058370
27555551
27181945
27408346
27309012
27703083
27957040
27018967
27566155
27506620
27660861
27464783
27599683
27350909
27810849
27185040
27427119
27934461
27849191
27645450
27574835
27985484
27691985
27044732
27606665
27680752
27052920
27564747
27064235
27713548
27290869
27185627
27572246
27840235
27198885
27049733
27026608
27727177
27386582
27640927
27347167
27110755
27491531
27450710
27092542
27536620
27124241
27735849
27258239
27773520
27426166
27263723
27531645
27122164
27116012
27357511
27942811
27357879
27108401
27834396
27109403
27011582
27974533
27484020
27970661
27085862
27415181
27604456
27294687
27416449
27028012
27605146
27801410
27832644
27983058
27725538
27223383
27475493
27104393
27250765
27345188
27699702
27890674
27420685
27815824
27408349
27973118
27313918
27270174
27873766
27381957
27918524
27296826
27120104
27951792
27329551
27577673
27641681
27542179
27672619
27313859
27829156
27985972
27437275
27514705
27728754
27309158
27907589
27134989
27353875
27725780
27458348
